*Nodes

0.016,0,0
0.0268717667607432,0,0
0.0380449938534058,0.00222249305227207,0
0.0490253350986971,0.00677069931555637,0
0.059293415916227,0.0136316115702588,0
0.0683329596098258,0.0226711552638576,0
0.0756595850471043,0.0336362251141802,0
0.0808485961410469,0.0461636060724807,0
0.0835601244113261,0.0597953792296712,0
0.0835601244113261,0.0740000270420323,0
0.0807359500877163,0.0881981101517636,0
0.0751055449494248,0.101791110598282,0
0.0668196424253059,0.114191840064763,0
0.0561567736143919,0.124854708875677,0
0.0435112941473391,0.133304148121809,0
0.0293750455967198,0.139159573992552,0
0.0143136359174325,0.142155474647934,0
-0.016,-0,-0
-0.0268717667607432,-0,-0
-0.0380449938534058,-0.00222249305227207,-0
-0.0490253350986971,-0.00677069931555637,-0
-0.059293415916227,-0.0136316115702588,-0
-0.0683329596098258,-0.0226711552638576,-0
-0.0756595850471043,-0.0336362251141802,-0
-0.0808485961410469,-0.0461636060724807,-0
-0.0835601244113261,-0.0597953792296712,-0
-0.0835601244113261,-0.0740000270420323,-0
-0.0807359500877163,-0.0881981101517636,-0
-0.0751055449494248,-0.101791110598282,-0
-0.0668196424253059,-0.114191840064763,-0
-0.0561567736143919,-0.124854708875677,-0
-0.0435112941473391,-0.133304148121809,-0
-0.0293750455967198,-0.139159573992552,-0
-0.0143136359174325,-0.142155474647934,-0
*Edges
1,2
2,3
3,4
4,5
5,6
6,7
7,8
8,9
9,10
10,11
11,12
12,13
13,14
14,15
15,16
16,17
18,19
19,20
20,21
21,22
22,23
23,24
24,25
25,26
26,27
27,28
28,29
29,30
30,31
31,32
32,33
33,34
